TESTING CUTOFF VALUES ON MATRICES IN test_matrices/matrices_012_2500.txt OF DIMENSION 500...
2186.67
494.37
498.07
209.77
208.00
207.80
209.00
148.07
149.77
148.57
151.03
148.03
146.70
143.23
146.30
117.67
119.97
119.93
118.90
117.33
118.73
118.97
121.97
121.97
119.53
122.87
121.80
117.93
116.73
118.83
119.73
100.40
98.47
98.63
103.43
104.73
102.30
100.83
99.37
97.97
97.53
98.10
98.47
97.57
99.23
99.10
98.73
98.73
97.57
101.47
101.23
107.23
100.63
99.10
98.87
99.80
98.37
99.30
102.97
104.00
98.53
100.70
101.43
91.47
90.67
90.87
92.40
92.00
91.87
92.37
94.50
92.40
94.10
95.43
94.10
92.50
92.17
94.30
93.77
93.70
93.47
95.07
93.77
92.47
93.07
94.30
92.87
92.90
93.63
93.13
91.20
93.77
93.33
93.93
93.90
96.17
95.83
94.57
92.30
92.17
92.30
91.73
91.93
90.83
90.93
90.37
91.17
90.60
91.40
90.10
90.20
90.20
90.60
90.90
90.63
91.27
90.60
90.87
90.83
91.20
90.97
90.90
90.43
90.70
91.13
91.03
90.60
93.27
92.67
92.87
93.03
92.53
93.00
92.77
93.00
93.70
92.57
92.37
92.90
92.43
93.37
94.33
93.53
93.57
94.30
94.23
92.73
94.23
94.37
92.90
92.73
93.77
93.57
95.73
93.10
93.03
93.43
94.30
94.67
93.97
93.20
94.23
93.97
92.77
95.87
94.20
93.43
94.60
92.87
93.23
95.30
93.47
93.73
93.50
92.80
93.03
92.87
92.27
92.80
93.83
93.20
93.53
95.20
93.93
92.97
92.67
92.27
92.80
92.93
92.67
92.30
92.93
92.90
92.63
92.80
92.37
92.43
92.17
92.40
92.47
92.10
92.73
92.77
92.43
93.07
95.37
93.40
92.77
92.80
92.30
94.33
96.83
94.40
93.60
92.87
94.73
93.57
93.23
93.23
93.47
92.80
93.57
92.37
93.00
93.27
92.67
93.80
94.50
96.20
98.83
99.87
96.00
94.60
94.97
95.10
94.80
93.67
94.03
94.97
94.77
93.17
92.77
93.23
92.97
93.10
93.03
93.47
93.37
92.87
93.03
92.90
93.57
94.67
93.57
93.07
100.73
101.37
99.37
100.37
99.73
100.40
100.63
101.07
101.27
102.27
99.80
99.90
102.50
105.73
101.57
100.90
100.30
101.03
100.47
101.23
99.90
99.47
100.13
101.00
100.77
100.90
100.53
99.90
99.80
100.03
99.53
100.10
100.53
101.07
101.53
100.40
100.33
100.37
100.03
101.80
108.17
106.73
101.87
104.90
102.90
101.77
100.73
100.57
101.07
102.47
102.17
103.83
101.77
100.53
102.93
101.50
102.07
102.47
101.27
100.57
101.37
100.77
104.47
101.30
100.57
100.67
100.20
99.90
99.53
101.37
100.30
100.47
100.57
99.90
99.90
100.67
100.27
99.90
100.37
100.17
99.83
99.93
100.40
100.00
99.93
99.73
100.60
101.27
100.20
100.70
101.20
100.53
101.07
100.23
100.27
100.53
99.87
100.40
99.97
101.53
104.40
101.67
103.97
104.93
101.83
101.63
103.13
102.47
101.80
101.67
102.87
102.60
103.30
102.90
103.50
103.10
103.43
103.00
100.27
99.83
99.67
100.63
100.43
99.40
99.60
99.80
101.17
106.67
103.83
104.67
102.20
103.60
100.93
100.77
99.90
100.03
100.57
99.50
100.20
99.50
100.07
100.70
99.73
99.57
100.00
99.80
99.60
99.90
99.53
99.97
99.97
100.97
100.07
99.53
99.30
99.63
100.90
99.57
99.97
99.80
99.80
101.57
99.53
99.60
99.90
99.63
99.87
99.70
99.87
99.77
99.50
100.30
99.80
99.87
99.60
100.33
99.63
102.90
100.23
101.83
100.17
101.87
99.93
100.23
100.13
100.53
99.80
100.30
100.03
99.83
99.63
100.47
99.50
100.33
100.07
99.83
99.93
99.73
99.63
100.13
99.97
101.60
99.80
99.87
99.73
99.57
101.73
102.63
101.03
101.03
101.73
101.17
100.37
100.70
100.10
100.97
100.77
100.33
99.87
99.80
100.03
100.50
100.57
101.70
101.10
100.77
99.93
100.30
100.23
100.37
100.80
101.57
100.47
100.63
100.57
99.90
100.53
100.20
100.43
101.27
101.13
102.40
102.03
99.83
100.10
