2915700214700
74011284533
42949511523
27006978923
19948255967
15560836406
13102178535
11201624293
9453399096
8428456849
7323674860
6894413932
6161506508
6113628380
5502963597
5158588611
4753638119
4543714141
4481853990
4207374333
4207374333
3719199251
3556517196
3465114104
3317154285
2704576094
2575527105
2516726164
2450777335
2450777335
2366278281
2366278281
2349781155
2349781155
2252675924
2232864336
2095801447
2095801447
2049918767
2049918767
2046034997
1802682814
1784235354
1784235354
1674101986
1674101986
1512968409
1292718366
1292718366
1292718366
1292718366
1292718366
1292718366
1292718366
1272692053
1272692053
1236367374
1236367374
1150234203
1150234203
1127301004
1082204593
1077393357
1077393357
1077393357
1077393357
1077393357
1077393357
1077393357
1077393357
1077393357
1077393357
952684388
952684388
952684388
952684388
952684388
943624970
940563273
940563273
940563273
917277165
913059738
905697506
905697506
900081537
881630601
851516204
851516204
842672626
835059331
835059331
835059331
835059331
835059331
796701996
796701996
796701996
796701996
786334323
786334323
786334323
786334323
779850054
779616380
779616380
751424627
751424627
751424627
751424627
751424627
751424627
747216005
729387504
729387504
729387504
729387504
729387504
729387504
728567893
722887307
722887307
720621204
677763480
677763480
677763480
677763480
677763480
677763480
677763480
677763480
677763480
677763480
677763480
677763480
677763480
677763480
669958718
669958718
669958718
669958718
669958718
669958718
637396868
636710348
636710348
636710348
636710348
612607238
612607238
612607238
612607238
603593565
600331905
600331905
597913375
581108664
581108664
581108664
581108664
581108664
569217863
562492375
562492375
562492375
562492375
558777089
552232378
552232378
552232378
542788612
532409624
532409624
532409624
532409624
532409624
530200319
530200319
527206728
515913205
515913205
515913205
515913205
515913205
515913205
515913205
483136110
437273562
437273562
437273562
437273562
437273562
437273562
437273562
437273562
436241170
436241170
436241170
436241170
436241170
436241170
436241170
436241170
430091882
419039001
419039001
419039001
419039001
408160696
408160696
408160696
400852212
400852212
388560592
388560592
382239831
382239831
381990825
381990825
381990825
381990825
381990825
381990825
381990825
381990825
375944044
375944044
375944044
374974332
372281217
372281217
372281217
365533075
355366706
344201937
344201937
344201937
344201937
344201937
344201937
344201937
344201937
344201937
344201937
344201937
340138547
340138547
335576358
335576358
310734686
###
3146142173858
15682113708
10078000230
8276300078
6328399387
5283060046
4984731228
4468494640
3245793411
2971394283
2971394283
2971394283
2760790187
2724701524
2587916876
2587916876
2424330000
2288340807
2278659207
2278659207
2146024197
1953625446
1712156353
1569288261
1529039462
1491310672
1491310672
1423558962
1423558962
1349684538
1296913184
1296913184
1296913184
1288460555
1288460555
1288460555
1288460555
1288460555
1250159421
1250159421
1146888167
1146888167
1131816021
1125468225
1125468225
1112506304
1068169548
1068169548
1050736683
1050736683
1049178062
1049178062
1049178062
1047028173
1039894239
1039894239
1039894239
1039894239
990923569
990923569
984659671
984659671
984659671
960718509
960718509
960718509
960718509
960718509
960718509
896003238
896003238
892543058
892543058
830029386
830029386
830029386
830029386
824227413
797348040
764500579
764500579
760105240
753974584
745230127
711938297
704181211
704181211
704181211
704181211
704181211
704181211
704181211
700118120
700118120
700118120
700118120
700118120
700118120
679644475
679644475
622815091
622815091
622815091
622815091
622815091
603804959
603804959
603804959
603804959
603516835
603516835
603516835
603516835
603516835
603516835
603516835
603516835
603516835
603516835
603516835
603516835
603516835
603516835
603516835
603516835
603516835
596142050
596142050
596142050
596142050
596142050
586424661
586424661
552119210
552119210
524857808
524857808
524857808
521642514
521642514
521642514
521642514
521642514
521642514
521642514
521642514
521642514
521642514
521642514
521642514
508140432
508140432
500341785
500341785
500341785
497039327
497039327
497039327
497039327
477884486
477884486
477884486
477884486
477884486
477884486
477884486
477884486
477884486
477884486
460170375
460170375
460170375
460170375
460170375
457145752
457145752
444682561
444682561
444682561
444682561
444682561
444682561
444682561
444682561
444682561
444682561
444682561
444682561
444682561
444682561
444682561
430989155
430989155
430989155
430989155
430989155
430989155
430989155
430989155
430989155
430989155
430989155
430989155
430989155
430989155
425800864
425800864
420525076
420525076
420525076
420525076
420525076
420525076
420525076
420525076
420525076
420525076
420525076
420525076
420525076
420525076
420525076
414996961
414996961
414996961
414996961
414996961
414996961
414996961
414996961
406887082
406887082
406887082
406887082
406887082
406887082
406887082
406887082
406887082
406887082
406887082
406887082
406887082
406887082
406887082
406887082
406887082
406887082
406887082
406887082
###
5126986470904
26683051672
13142670748
7656348722
5645179889
5073603777
3979825098
3481922100
3087948052
2939156340
2621402489
2435778621
2202205906
2128242327
2128242327
2006918423
1839834413
1835183725
1758764643
1742274766
1688257118
1642740928
1496552893
1496552893
1437318637
1415709943
1302050911
1302050911
1302050911
1270499608
1140184271
1078863806
1005575272
981377350
975345452
975345452
969316779
963989796
963989796
945516169
927959206
927959206
879532509
874221507
874221507
874221507
872949568
872949568
863125833
824552722
824552722
781608385
769771950
769771950
758962710
699631454
699631454
648960880
639429595
609227140
609227140
590167190
582766185
568024616
568024616
568024616
568024616
568024616
568024616
552902235
551515617
551515617
535558914
535558914
532187285
532187285
532187285
529169449
527456076
527456076
514055061
514055061
514055061
508661955
508661955
508661955
508661955
502595835
502595835
483103145
483103145
483103145
483103145
483103145
483103145
483103145
483103145
482268692
482268692
482268692
482268692
482259950
482259950
469579686
469579686
469579686
455633259
455633259
453141591
453141591
453141591
453141591
453141591
453141591
453141591
440422471
440422471
440422471
433887334
429354519
429354519
426028137
426028137
426028137
423886953
414106264
397755773
397755773
397755773
397755773
388579977
388579977
388579977
388579977
388579977
388579977
388579977
388579977
388579977
388579977
383002201
383002201
383002201
383002201
377168465
377168465
377168465
377168465
377168465
375180597
366552957
361330531
361330531
358261686
358261686
358261686
358261686
358261686
358261686
346346565
346346565
346346565
346346565
346346565
346346565
333259781
333259781
333259781
333259781
326113337
326113337
326113337
326113337
326113337
326113337
326113337
321658245
321658245
320258791
320258791
320258791
320258791
320258791
320258791
320258791
320258791
320258791
320258791
320258791
320258791
320258791
320258791
320258791
320258791
320258791
320258791
320258791
320258791
316670407
316670407
316670407
316670407
316670407
316670407
316670407
316670407
316670407
316670407
316670407
316670407
316670407
316670407
316670407
316670407
316670407
316670407
316670407
316670407
316670407
316670407
316670407
316670407
311788825
311788825
311788825
311788825
311788825
311788825
311788825
311788825
311788825
311788825
311788825
311788825
311788825
311788825
311788825
311788825
311788825
311788825
311788825
311788825
309814878
309814878
309814878
309814878
309814878
309814878
309814878
309814878
###
118075057943
1605493327
601208906
426720486
356777923
261896180
208107162
153721114
137016266
127330833
116294725
102119097
98496413
82353542
77378152
70269560
64584062
60944102
59039198
55606213
53561242
50406802
48067215
45581935
44885195
43453717
40294575
38680272
36894590
36100433
36029521
36029521
34890098
32403263
32403263
32403263
31365390
29660295
29660295
29660295
28981794
26605046
26605046
26605046
26403865
23972241
23727553
22983598
22547394
22007866
21941962
21564944
20938178
20938178
20888064
19907366
19601108
19601108
19601108
19097916
19097916
19097916
19097916
18763622
18763622
17608419
17608419
17608419
16708269
16708269
16688936
16688936
16688936
16688936
16688936
16188220
16188220
16188220
15775563
14969507
14969507
14927187
14619574
14505070
14505070
14505070
12880679
12880679
12880679
12880679
12823228
12659708
12659708
12240638
12240638
12240638
12240638
12240638
12240638
12240638
12240638
12240638
12240638
12240638
12240638
12240638
12240638
12007465
12007465
11653598
11653598
11653598
11653598
11653598
11571242
11571242
11571242
11571242
11154941
10792780
10792780
10792780
10792780
10792780
10792780
10792780
10792780
10762723
10762723
10762723
10430241
10430241
10430241
10237866
9458145
9189856
9168639
9080480
9080480
9080480
9080480
9080480
9080480
9080480
8908209
8908209
8908209
8900175
8900175
8900175
8900175
8700396
8700396
8671685
8671685
8582870
8582870
8582870
8582870
8582870
8438732
8324561
8324561
8324561
8324561
7905299
7905299
7808167
7649542
7522290
7342776
7342776
7342776
7342776
6836829
6836829
6836829
6836829
6836829
6690290
6649740
6649740
6485524
6485524
6485524
6485524
6485524
6485524
6485524
6327340
6327340
6327340
6239769
6129893
6129893
6066765
6066765
6066765
6066765
6066765
6066765
6066765
6066765
6066765
6035605
6035605
6035605
6035605
6035605
6035605
6035605
5901280
5836040
5836040
5836040
5836040
5006546
4942064
4942064
4942064
4891453
4891453
4891453
4891453
4891453
4891453
4891453
4789802
4789802
4739586
4739586
4720479
4720479
4581900
4575699
4575699
4575699
4575699
4575691
4575691
4575691
4484889
4484889
4484889
4484889
4484889
4484889
4484889
4484889
4391352
###
244373795607
148312221934
148240514527
148204004498
148199777897
148187283312
148183834431
148181002493
148177264626
148177185995
148177115107
148177115107
148174825012
148174338075
148172694443
148170489220
148167617768
148167617768
148167617768
148166689966
148166689966
148166457242
148165846164
148165458486
148165458486
148165458486
148165458486
148165458486
148165458486
148165404843
148165166788
148165166788
148165166788
148165166788
148164207957
148164207957
148164207957
148164207957
148164207957
148164207957
148164207957
148164207957
148163254445
148163148997
148163148997
148162878373
148162878373
148162878373
148162878373
148162878373
148162878373
148162878373
148162878373
148162878373
148162878373
148162878373
148162878373
148162878373
148162878373
148162878373
148162878373
148162878373
148162878373
148162878373
148162878373
148162878373
148162878373
148162878373
148162878373
148162878373
148162878373
148162878373
148162878373
148162825181
148162825181
148162825181
148162825181
148162825181
148162825181
148162825181
148162825181
148162825181
148162825181
148162825181
148162825181
148162682929
148162682929
148162682929
148162682929
148162682929
148162682929
148162682929
148162682929
148162682929
148162682929
148162682929
148162682929
148162682929
148162682929
148162682929
148162679633
148162679633
148162679633
148162679633
148162679633
148162679633
148162679633
148162679633
148162679633
148162679633
148162679633
148162679633
148162679633
148162679633
148162679633
148162679633
148162679633
148162679633
148162679633
148162679633
148162679633
148162679633
148162619253
148162619253
148162619253
148162444827
148162444827
148162444827
148162444827
148162444827
148162444827
148162444827
148162444827
148162444827
148162373440
148162373440
148162373440
148162373440
148162307292
148162307292
148162307292
148162307292
148162307292
148162307292
148162307292
148162307292
148162307292
148162307292
148162307292
148162307292
148162307292
148162307292
148162307292
148162307292
148162307292
148162307292
148162307292
148162307292
148162307292
148162307292
148162307292
148162307292
148162307292
148162307292
148162307292
148162307292
148162307292
148162307292
148162307292
148162307292
148162307292
148162307292
148162307292
148162307292
148162307292
148162307292
148162307292
148162307292
148162307292
148162307292
148162307292
148162307292
148162307292
148162307292
148162307292
148162307292
148162307292
148162307292
148162307292
148162307292
148162307292
148162307292
148162307292
148162307292
148162307292
148162307292
148162307292
148162307292
148162307292
148162307292
148162307292
148162307292
148162307292
148162307292
148162307292
148162307292
148162307292
148162307292
148162307292
148162307292
148162307292
148162307292
148162307292
148162307292
148162307292
148162307292
148162307292
148162307292
148162307292
148162307292
148162307292
148162307292
148162307292
148162307292
148162307292
148162307292
148162307292
148162307292
148162307292
148162307292
148162307292
148162307292
148162307292
148162307292
148162307292
148162307292
148162307292
148162307292
148162307292
148162307292
148162307292
148162307292
148162307292
148162307292
148162307292
148162307292
148162307292
148162307292
148162307292
148162307292
###
231270283951
10479611420
9548497439
2001834745
1933395520
1925110520
1916482885
1902963381
1897782986
1895901965
1890763633
1886218718
1884324779
1884324779
1884177871
1884113522
1883478966
1880908785
1880404748
1879554296
1879244149
1876780692
1875997488
1874191622
1873654096
1872754052
1871885987
1871694313
1871000511
1870257980
1868492689
1868113075
1866626326
1866224687
1866224687
1866224687
1866224687
1866224687
1866224687
1866027488
1866027488
1865120457
1864431042
1864321138
1864321138
1863897999
1863507262
1863507262
1863333724
1863271150
1863204568
1863204568
1862663843
1862657594
1862591899
1862511347
1862511347
1862416990
1862355142
1862284746
1862284746
1862284746
1862284746
1862283199
1862283199
1861517322
1861481823
1861481823
1861481823
1861481823
1861481823
1861481823
1861481823
1861481823
1861481823
1861481823
1861481823
1861481823
1861481823
1861481823
1861431220
1861431220
1861431220
1861431220
1861431220
1861431220
1861431220
1861431220
1861431220
1861308559
1861308559
1861260988
1861260988
1861260988
1861260988
1861260988
1861260988
1861260988
1861260988
1861260988
1861260988
1861260988
1861260988
1861260988
1861198082
1861198082
1861198082
1861114051
1861114051
1861090978
1860987858
1860987858
1860931322
1860931322
1860909914
1860909914
1860889617
1860889617
1860889617
1860889617
1860889617
1860868293
1860868293
1860868293
1860868293
1860868293
1860868293
1860868293
1860868293
1860868293
1860868293
1860868293
1860868293
1860868293
1860868293
1860868293
1860868293
1860835821
1860835821
1860835821
1860771241
1860771241
1860771241
1860771241
1860727078
1860727078
1860727078
1860727078
1860727078
1860697284
1860697284
1860697284
1860697284
1860697284
1860697284
1860697284
1860697284
1860697284
1860697284
1860697284
1860697284
1860697284
1860670252
1860670252
1860670252
1860670252
1860670252
1860670252
1860571815
1860553684
1860553684
1860553684
1860553684
1860553684
1860553684
1860553684
1860553684
1860466838
1860351454
1860351454
1860351454
1860329331
1860329331
1860329331
1860329331
1860329331
1860329331
1860288508
1860288508
1860016129
1860016129
1860016129
1859971885
1859971885
1859945656
1859945656
1859945656
1859935250
1859935250
1859935250
1859935250
1859935250
1859935250
1859935250
1859935250
1859935250
1859935250
1859904471
1859904471
1859904471
1859904471
1859904471
1859904471
1859904471
1859904471
1859893999
1859893999
1859839315
1859728470
1859728470
1859728470
1859728470
1859728470
1859728470
1859728470
1859698856
1859698856
1859621747
1859621747
1859621747
1859621747
1859621747
1859499426
1859499426
1859499426
1859493312
1859493312
1859493312
1859493312
1859385486
1859385486
1859293613
1859293613
1859293613
1859293613
1859293613
1859293613
1859293613
1859293613
1859293613
###
