2156097113338
79455943743
39780019883
25178533086
18307385452
13707926147
12203335024
11069904950
9086440449
8755362120
7777850069
6738301984
5812989539
5312417151
4082447366
3889755143
3391077647
3213098702
3159659571
3036082672
3036082672
2919942808
2875814127
2434147717
2356792199
2356792199
2240329768
2240329768
2240329768
2085163487
1973661354
1973661354
1968580451
1952058798
1952058798
1935764064
1878340585
1878340585
1854174652
1732996787
1686347457
1686347457
1667934436
1655328512
1616024189
1608931463
1608931463
1598636197
1577515196
1509780679
1471722234
1471722234
1469148081
1469148081
1415731166
1415731166
1295142820
1276870903
1276870903
1269950157
1269950157
1269950157
1269950157
1260953723
1160930083
1149927783
1149927783
1149927783
1131387565
1052994485
1043512730
989110400
965167584
965167584
960057206
953087241
880413764
865267925
815084495
815084495
815084495
798154349
798154349
798154349
798154349
783999875
783999875
783999875
783999875
712024976
712024976
706051900
706051900
706051900
706051900
632928568
576026852
573725611
573725611
573725611
573725611
573725611
568898897
568898897
566996361
564806086
564806086
508982913
508982913
508982913
502553242
457533752
457533752
457533752
457533752
456601802
442286120
442286120
442286120
442286120
442286120
442286120
442286120
442286120
442286120
430185104
426357840
426357840
426357840
423101605
423101605
423101605
423101605
423101605
423101605
423101605
423101605
417269485
417269485
417269485
398500683
398500683
389319179
380283261
380283261
380283261
380283261
380283261
380283261
380283261
380283261
380283261
380283261
380283261
380283261
377630877
377630877
377630877
375179425
375179425
369039252
369039252
369039252
369039252
363882219
363882219
363882219
363882219
363882219
360416288
360416288
360416288
360416288
360416288
360416288
345883149
345883149
345883149
345883149
344605021
344605021
344605021
344605021
344605021
344605021
344605021
344605021
344605021
344605021
344605021
339145936
339145936
339145936
339145936
339145936
339145936
339145936
339145936
339145936
330989757
330989757
330989757
330989757
303671914
303671914
303671914
303671914
297154837
297154837
297154837
287841429
274679269
274679269
274679269
274679269
274679269
274679269
268820709
268820709
268820709
268820709
264734715
264734715
264734715
264734715
264734715
264734715
264734715
264734715
264734715
249114302
246752802
246752802
246752802
246752802
246752802
246752802
246752802
246752802
232458739
232458739
232458739
232458739
232458739
232458739
232458739
232458739
232458739
232458739
232458739
###
4067005900565
22270540897
10962809687
7568412630
6347381544
4823127792
4322407958
3351297411
3243003075
2905525903
2759151761
2654255380
2282379714
2122661015
1960570362
1819205989
1776262979
1776262979
1776262979
1735738567
1735738567
1676546389
1515803894
1496057816
1496057816
1446263100
1446263100
1426731067
1403041327
1326039227
1210699574
1192740975
1142669800
1036371802
923201418
917724253
901080310
901080310
901080310
901080310
901080310
858182682
858182682
858182682
841301224
838485888
836654263
818450523
818450523
782854097
777710099
777710099
777710099
777710099
777710099
777710099
777710099
777710099
777710099
777710099
777710099
777710099
777710099
748346989
748346989
748346989
694501820
694501820
694501820
694501820
694501820
694501820
694501820
694501820
694501820
681411161
665510757
662962045
662962045
652262902
652262902
611225494
611225494
611225494
611225494
611225494
611225494
611225494
611225494
611225494
611225494
611225494
611225494
611225494
611225494
611225494
611225494
611225494
576466564
576466564
572542579
572542579
521343372
521343372
521343372
489071832
489071832
489071832
489071832
489071832
489071832
489071832
487515925
487515925
486645070
480332178
476629567
476629567
476629567
476629567
476629567
476629567
476629567
473798885
473798885
473798885
473798885
466491721
466491721
466491721
462590869
462590869
462590869
462590869
462590869
462590869
462590869
462590869
462590869
462590869
462590869
462590869
462590869
462590869
462590869
462590869
462590869
462590869
462590869
456559124
456559124
456559124
456559124
453410095
453410095
453410095
453410095
451557174
451557174
450009283
450009283
450009283
450009283
450009283
450009283
450009283
450009283
450009283
450009283
449676610
449676610
449676610
418307842
418307842
418307842
418307842
418307842
417494710
417494710
417494710
417494710
417494710
417494710
417494710
417494710
417494710
417494710
417494710
417494710
417494710
417494710
417494710
417494710
417494710
417494710
417494710
417494710
417494710
417494710
417494710
417494710
417494710
417494710
417494710
417494710
417494710
417494710
416858070
416858070
416858070
416858070
416858070
416858070
416858070
416858070
416858070
416858070
416858070
416858070
416858070
416858070
416858070
416858070
416858070
416858070
416858070
416858070
416858070
416858070
416858070
416858070
416858070
416858070
416858070
416858070
416858070
406082760
406082760
406082760
406082760
406082760
402302163
402302163
402302163
402302163
402302163
402302163
383022035
383022035
383022035
###
3748321737646
27782930274
12076892136
7811847330
6624876339
5398007726
4525438581
3812358524
3124806418
3101202675
2930632362
2654651497
2083066069
1916039641
1844836433
1766917193
1659094711
1609672661
1566718600
1566718600
1429267016
1330918734
1248189204
1205256771
1146601191
1146479272
1080660636
1080660636
1042195035
1038651486
1027460265
1020018883
994296398
924399589
861007309
844249968
796627657
787730738
722724068
720123044
712125525
700964543
700964543
694193555
669785705
668842425
668842425
668842425
668842425
648342737
648342737
648342737
648342737
602975548
602975548
602975548
590193709
582301328
564874083
539075697
508347804
500808329
500808329
499864970
499864970
499864970
499864970
499864970
499864970
499864970
499864970
496118552
494414934
494414934
494414934
494414934
488403691
488403691
487959042
487959042
487959042
487959042
470220620
470220620
470220620
465557691
461618810
447322876
447322876
447322876
442008285
432935367
432935367
432935367
432935367
432935367
432935367
423943900
423943900
423943900
410420114
402787914
398803250
398803250
398803250
393469561
393469561
393469561
393469561
393469561
393177844
393177844
393177844
393177844
393177844
393177844
393177844
393177844
385921441
381891107
381891107
381891107
376499498
376499498
372112615
321752086
321752086
321752086
321752086
321752086
321752086
321752086
318468271
318468271
318468271
318468271
318468271
318468271
315984208
315984208
315984208
315984208
313351259
313351259
313351259
313351259
312229979
312229979
312229979
312229979
312229979
312229979
312229979
312229979
312229979
311174074
311174074
311174074
311174074
311174074
311174074
311174074
311174074
311174074
311174074
311174074
311174074
311174074
311174074
311174074
311174074
311174074
311174074
302850910
302850910
285980793
285980793
285980793
285980793
285980793
285980793
285980793
285980793
285980793
285980793
285980793
285980793
285980793
264262216
264262216
264262216
264262216
264262216
264262216
264262216
264262216
264262216
264262216
264262216
264262216
264262216
264262216
257514686
257514686
257514686
257514686
257514686
257514686
257514686
257514686
257514686
257514686
257514686
257514686
257514686
257514686
257514686
257514686
257514686
257514686
257514686
257514686
257514686
257514686
257514686
257514686
257514686
257514686
257514686
257514686
257514686
257514686
253088843
253088843
253088843
253088843
253088843
253088843
253088843
253088843
253088843
253088843
253088843
253088843
253088843
253088843
253088843
253088843
253088843
253088843
###
2780326
45308
18270
13821
10243
7126
5775
5578
5108
4272
3490
3443
3420
3302
3125
3048
2831
2727
2650
2541
2415
2342
2201
2191
2182
1833
1743
1723
1659
1613
1609
1575
1529
1508
1391
1390
1383
1333
1274
1253
1253
1250
1227
1197
1130
1113
1101
1045
1034
1034
1033
1033
1009
992
990
963
963
939
939
939
847
817
807
807
718
718
697
697
676
676
676
658
649
580
568
568
568
548
548
539
533
514
514
514
476
468
468
468
468
468
467
467
467
462
462
462
446
446
441
441
441
411
411
411
396
396
396
377
371
371
371
371
367
362
360
360
360
360
357
346
346
340
340
340
340
340
340
340
340
340
340
338
338
338
338
333
320
320
313
313
313
313
313
313
313
313
313
303
303
303
303
303
303
303
292
292
282
273
272
260
260
260
260
260
260
253
243
242
242
242
242
242
242
238
231
231
231
231
231
231
231
231
229
226
224
216
216
206
206
206
203
203
203
203
200
200
200
200
200
200
171
171
170
170
159
159
159
159
154
153
153
153
153
152
152
152
152
149
149
149
149
148
148
148
148
148
148
148
147
147
147
142
142
142
142
142
138
138
138
133
133
133
133
133
133
133
133
133
133
133
###
4176635
3456833
3452080
3446566
3445363
3445363
3445337
3445337
3444563
3443625
3443477
3442031
3442031
3442013
3441961
3441421
3441381
3441381
3441352
3441331
3441331
3441331
3441331
3441221
3441221
3441221
3441221
3441221
3441221
3441221
3441189
3441139
3441139
3441139
3441139
3441041
3441041
3441041
3441041
3441041
3441041
3441041
3441041
3441041
3441041
3441026
3441020
3441020
3441020
3440935
3440935
3440935
3440935
3440935
3440935
3440935
3440826
3440826
3440803
3440803
3440769
3440769
3440769
3440769
3440769
3440769
3440741
3440741
3440741
3440741
3440741
3440741
3440741
3440741
3440723
3440723
3440723
3440723
3440723
3440723
3440723
3440723
3440723
3440723
3440723
3440723
3440723
3440723
3440723
3440723
3440723
3440723
3440723
3440683
3440683
3440683
3440683
3440657
3440657
3440657
3440657
3440657
3440657
3440657
3440657
3440657
3440657
3440657
3440657
3440657
3440657
3440657
3440657
3440657
3440657
3440657
3440657
3440657
3440657
3440657
3440657
3440657
3440657
3440657
3440657
3440657
3440638
3440638
3440638
3440638
3440638
3440638
3440638
3440638
3440588
3440588
3440576
3440576
3440576
3440576
3440576
3440576
3440576
3440576
3440563
3440481
3440481
3440481
3440481
3440481
3440481
3440481
3440481
3440481
3440481
3440477
3440477
3440477
3440477
3440477
3440477
3440477
3440477
3440477
3440477
3440477
3440477
3440477
3440477
3440477
3440475
3440475
3440475
3440475
3440475
3440475
3440357
3440357
3440357
3440357
3440357
3440357
3440357
3440357
3440357
3440357
3440357
3440357
3440357
3440357
3440357
3440357
3440357
3440357
3440357
3440357
3440357
3440357
3440357
3440357
3440357
3440357
3440357
3440357
3440357
3440357
3440357
3440357
3440357
3440357
3440357
3440357
3440357
3440357
3440357
3440357
3440357
3440357
3440357
3440357
3440357
3440343
3440343
3440343
3440343
3440343
3440343
3440343
3440343
3440343
3440343
3440343
3440343
3440343
3440343
3440343
3440343
3440343
3440343
3440343
3440343
3440343
3440343
3440343
3440343
3440322
3440322
3440322
3440322
3440322
###
4593436
56065
25903
20297
16057
10951
9220
7562
6374
5796
5094
4015
3675
3157
3137
2813
2679
2643
2399
2137
2128
2071
1920
1884
1801
1801
1785
1712
1706
1599
1575
1575
1562
1473
1450
1306
1297
1297
1279
1230
1094
1066
1002
984
984
971
884
884
884
884
769
769
769
769
769
758
758
721
721
721
721
721
719
719
716
716
700
698
692
692
689
674
653
653
653
648
608
608
599
592
592
592
560
550
548
548
548
548
548
548
544
544
544
544
544
544
544
544
544
544
544
535
535
526
519
519
519
519
519
519
493
483
483
469
469
445
445
445
432
432
392
387
387
386
386
386
382
382
382
378
378
378
361
361
361
354
354
341
341
341
341
341
341
336
336
336
336
336
336
336
319
313
313
313
313
313
313
307
307
307
307
297
297
297
297
297
297
295
293
291
291
291
291
291
291
291
291
290
290
290
290
290
290
290
287
287
275
272
272
265
263
263
263
253
252
252
252
252
244
244
244
244
244
244
238
238
238
230
230
230
230
230
230
230
230
230
230
230
219
218
218
218
218
218
215
215
215
215
207
204
204
201
201
201
201
201
201
201
201
201
201
201
201
201
201
201
201
201
201
201
###
