7238967225
186955415583
246214235139
805007645477
291095352829
533408323981
513709178089
42661058934
566295231829
9330190826
173997567440
248646267777
598383873074
220523528356
971235673148
790476938845
566579460953
779208351876
210163478542
846590781145
181913165079
456334656379
363539655204
972973489042
189463309022
759545833210
939959970866
113076345371
78433257254
181469679775
300755640860
411406197484
955700122560
931939830075
979296810232
508051181798
756286521061
800128158922
76486561334
663674899270
734078655762
58364395061
357625117654
406051758464
256433854655
871115345139
43827314571
935589772501
621496686132
66958383648
186363165245
161404238534
762643604958
937012816520
532380993748
377746462537
498976956495
275799313292
16405215351
91782917784
489554563560
242692645643
665321630479
940939382979
162331267161
243167920520
357455392243
806220258630
877123850593
346605655714
683989936980
622595991931
216878690382
686009939710
396147362237
721553035092
171281551404
181096227197
873538608028
277413088497
919016227994
216927241455
756746911604
529660025574
913101469579
874349098688
585639311038
901264496415
202454025868
34552464935
820452165740
172976376814
471723449902
282968144702
551471564040
365125738756
851532408013
891998017249
891874239305
855279650809